[cam_0]
name = "cam1"
size = [ 540, 960,]
matrix = [ [ 634.4666388435386, 0.0, 269.5,], [ 0.0, 634.4666388435386, 479.5,], [ 0.0, 0.0, 1.0,],]
distortions = [ -0.09439645787609197, 0.0, 0.0, 0.0, 0.0,]
rotation = [ -0.04031228988692938, -0.615186634930146, 0.2050930860133422,]
translation = [ 473.4503037746135, -124.38232160914522, 498.7631120157763,]

[cam_1]
name = "cam2"
size = [ 540, 960,]
matrix = [ [ 642.27432843486, 0.0, 269.5,], [ 0.0, 642.27432843486, 479.5,], [ 0.0, 0.0, 1.0,],]
distortions = [ -0.12151896574103073, 0.0, 0.0, 0.0, 0.0,]
rotation = [ 0.05861170405606409, 0.09400689677047772, 0.2733224958148211,]
translation = [ -373.4587237653072, -175.19624271916055, 756.2466946236036,]

[cam_2]
name = "cam3"
size = [ 540, 960,]
matrix = [ [ 635.8611706718989, 0.0, 269.5,], [ 0.0, 635.8611706718989, 479.5,], [ 0.0, 0.0, 1.0,],]
distortions = [ -0.1141980098773017, 0.0, 0.0, 0.0, 0.0,]
rotation = [ 0.06654338173674822, 0.7401700217434575, 0.30224799352650616,]
translation = [ -895.7148069524221, -178.4260861014636, 1042.9607949727026,]

[metadata]
