[cam_0]
name = "cam1"
size = [ 540, 960,]
matrix = [ [ 647.8064641959852, 0.0, 269.5,], [ 0.0, 647.8064641959852, 479.5,], [ 0.0, 0.0, 1.0,],]
distortions = [ -0.2197552526068433, 0.0, 0.0, 0.0, 0.0,]
rotation = [ -0.015377265433677801, -0.4901475575767717, 0.28488969650620094,]
translation = [ 438.0172186832643, 72.36254359316125, 97.62553862814309,]

[cam_1]
name = "cam2"
size = [ 540, 960,]
matrix = [ [ 644.1623926493859, 0.0, 269.5,], [ 0.0, 644.1623926493859, 479.5,], [ 0.0, 0.0, 1.0,],]
distortions = [ -0.2262985901942529, 0.0, 0.0, 0.0, 0.0,]
rotation = [ 0.09909620981267828, 0.2087508583040444, 0.3452548061559548,]
translation = [ -687.3096160738953, 1.0500589585529916, 476.9660452701296,]

[cam_2]
name = "cam3"
size = [ 540, 960,]
matrix = [ [ 660.1489158490702, 0.0, 269.5,], [ 0.0, 660.1489158490702, 479.5,], [ 0.0, 0.0, 1.0,],]
distortions = [ -0.2415243038331573, 0.0, 0.0, 0.0, 0.0,]
rotation = [ 0.12242809628208003, 0.8570896322415436, 0.35685875886017004,]
translation = [ -1342.2706932151266, -42.50649222799477, 1049.2978219630286,]

[metadata]
